1.18728e-005 0.0034457 1 0.00975099 0 0 0 0 0 0 201 ++
3.97898e-006 0.00199474 2 -0.00986547 0.00327009 0 0 0 0 0 110 --
6.12961e-006 0.0024758 2 0.0054425 0 8.28009e-006 0 0 0 0 142 ++
3.87505e-006 0.00196852 3 -0.0136217 0.00414476 -2.86171e-006 0 0 0 0 297 **
3.80923e-006 0.00195172 3 -0.000641547 0 0.000128049 -1.68053e-005 0 0 0 320 **
3.76837e-006 0.00194123 4 -0.00641514 0.00177102 7.65906e-005 -1.02529e-005 0 0 0 654 **
0.000395822 0.0198953 3 -0.0615986 0 0.000276805 0 -2.22188e-007 0 0 154 **
7.63359e-005 0.00873704 4 -0.0655757 0 0.00237206 -0.000389377 4.02994e-007 0 0 291 --
3.62681e-006 0.00190442 5 0.00434391 -0.00288486 0.000411439 -6.17389e-005 4.29436e-008 0 0 1154 --
0.000205067 0.0143202 4 -0.063907 0 0.000513452 0 -9.747e-007 5.49284e-010 0 261 --
1.7681e-005 0.00420488 5 -0.0982584 0.0278474 -0.000254623 0 3.24505e-007 -1.53979e-010 0 528 **
4.00205e-005 0.00632617 5 -0.0681393 0 0.00384183 -0.000709074 1.7316e-006 -5.99713e-010 0 537 **
1.09777e-005 0.00331325 6 -0.121064 0.0508273 -0.00397787 0.000655637 -1.08264e-006 3.14936e-010 0 829 --
0.00012159 0.0110268 5 -0.0655345 0 0.000807484 0 -2.65952e-006 3.4117e-009 -1.48945e-012 509 **
2.53684e-005 0.0050367 6 -0.0703167 0 0.00544152 -0.0011012 4.64031e-006 -3.65201e-009 1.26212e-012 919 --
8.91677e-006 0.0029861 7 -0.139189 0.0708409 -0.00820078 0.00146938 -4.17843e-006 2.73836e-009 -8.48492e-013 1288 **
